35 228 
35 229 
35 230 
35 231 
35 232 
35 233 
36 227 
36 228 
36 233 
37 225 
37 226 
37 227 
37 234 
38 224 
38 225 
38 234 
39 223 
39 224 
39 234 
40 222 
40 223 
40 234 
41 221 
41 222 
41 234 
42 219 
42 220 
42 221 
42 234 
43 218 
43 219 
43 234 
44 217 
44 218 
44 234 
45 216 
45 217 
45 234 
46 215 
46 216 
46 234 
47 214 
47 215 
47 234 
48 213 
48 214 
48 234 
49 212 
49 213 
49 233 
50 211 
50 212 
50 233 
51 208 
51 209 
51 210 
51 211 
51 233 
52 204 
52 205 
52 206 
52 207 
52 233 
53 202 
53 203 
53 233 
54 200 
54 201 
54 202 
54 233 
55 198 
55 199 
55 200 
55 232 
56 197 
56 198 
56 232 
57 196 
57 197 
57 233 
58 195 
58 196 
58 233 
58 234 
58 235 
59 194 
59 195 
59 235 
59 236 
60 193 
60 194 
60 236 
60 237 
61 192 
61 193 
61 237 
61 238 
62 192 
62 238 
62 239 
63 191 
63 192 
63 239 
63 240 
64 190 
64 191 
64 240 
65 190 
65 240 
65 241 
66 189 
66 190 
66 241 
67 188 
67 189 
67 241 
68 188 
68 242 
69 187 
69 188 
69 242 
70 187 
70 242 
71 187 
71 242 
72 186 
72 242 
73 186 
73 243 
74 186 
74 243 
75 185 
75 243 
76 185 
76 243 
76 244 
77 185 
77 244 
78 184 
78 244 
78 245 
79 184 
79 245 
79 246 
80 184 
80 246 
80 247 
81 184 
81 247 
81 248 
82 184 
82 248 
82 249 
83 183 
83 249 
83 250 
84 183 
84 250 
84 251 
84 252 
85 183 
85 252 
85 253 
85 254 
86 183 
86 254 
86 255 
87 183 
87 256 
87 257 
87 258 
88 183 
88 259 
88 260 
89 183 
89 261 
89 262 
89 263 
90 183 
90 263 
90 264 
91 183 
91 264 
91 265 
92 183 
92 265 
92 266 
93 183 
93 266 
94 183 
94 266 
95 183 
95 265 
96 182 
96 264 
96 265 
97 19 
97 20 
97 21 
97 22 
97 23 
97 24 
97 25 
97 26 
97 27 
97 28 
97 29 
97 30 
97 31 
97 32 
97 33 
97 34 
97 35 
97 36 
97 37 
97 38 
97 39 
97 40 
97 41 
97 42 
97 182 
97 262 
97 263 
97 264 
98 11 
98 12 
98 13 
98 14 
98 15 
98 16 
98 17 
98 18 
98 43 
98 44 
98 45 
98 46 
98 47 
98 182 
98 260 
98 261 
98 262 
99 11 
99 48 
99 49 
99 50 
99 51 
99 52 
99 182 
99 241 
99 242 
99 243 
99 259 
99 260 
100 11 
100 12 
100 13 
100 14 
100 53 
100 54 
100 55 
100 182 
100 238 
100 239 
100 240 
100 244 
100 245 
100 246 
100 247 
100 248 
100 255 
100 256 
100 257 
100 258 
101 14 
101 15 
101 56 
101 57 
101 58 
101 181 
101 235 
101 236 
101 237 
101 249 
101 250 
101 251 
101 252 
101 253 
101 254 
102 15 
102 16 
102 17 
102 59 
102 60 
102 181 
102 233 
102 234 
102 235 
103 17 
103 18 
103 61 
103 62 
103 63 
103 181 
103 232 
103 233 
104 18 
104 19 
104 63 
104 64 
104 180 
104 231 
104 232 
105 19 
105 20 
105 64 
105 65 
105 66 
105 180 
105 231 
106 20 
106 21 
106 22 
106 66 
106 67 
106 68 
106 180 
106 232 
107 22 
107 23 
107 68 
107 69 
107 179 
107 232 
107 233 
108 23 
108 24 
108 69 
108 70 
108 71 
108 179 
108 233 
109 24 
109 71 
109 72 
109 179 
109 233 
109 234 
110 24 
110 25 
110 72 
110 73 
110 178 
110 234 
111 25 
111 26 
111 73 
111 74 
111 177 
111 178 
111 234 
111 235 
112 26 
112 27 
112 74 
112 75 
112 177 
112 235 
112 236 
113 27 
113 28 
113 75 
113 76 
113 176 
113 177 
113 236 
114 28 
114 76 
114 77 
114 176 
114 236 
114 237 
115 28 
115 29 
115 77 
115 78 
115 175 
115 176 
115 237 
116 29 
116 30 
116 78 
116 79 
116 174 
116 175 
116 237 
117 30 
117 79 
117 80 
117 174 
117 238 
118 30 
118 31 
118 80 
118 173 
118 174 
118 238 
119 31 
119 80 
119 81 
119 172 
119 173 
119 238 
120 31 
120 32 
120 81 
120 82 
120 171 
120 172 
120 239 
121 32 
121 82 
121 83 
121 170 
121 171 
121 239 
122 33 
122 83 
122 169 
122 170 
122 239 
123 33 
123 83 
123 84 
123 168 
123 169 
123 239 
124 34 
124 84 
124 166 
124 167 
124 168 
124 240 
125 34 
125 84 
125 85 
125 165 
125 166 
125 240 
126 34 
126 85 
126 163 
126 164 
126 165 
126 240 
127 35 
127 85 
127 86 
127 161 
127 162 
127 163 
127 240 
128 35 
128 86 
128 158 
128 159 
128 160 
128 240 
129 35 
129 87 
129 156 
129 157 
129 240 
130 36 
130 87 
130 153 
130 154 
130 155 
130 240 
131 36 
131 87 
131 151 
131 152 
131 240 
132 36 
132 88 
132 148 
132 149 
132 150 
132 239 
133 36 
133 88 
133 146 
133 147 
133 239 
134 37 
134 89 
134 143 
134 144 
134 145 
134 239 
135 37 
135 89 
135 141 
135 142 
135 143 
135 239 
136 37 
136 89 
136 139 
136 140 
136 141 
136 239 
137 37 
137 89 
137 138 
137 139 
137 238 
138 37 
138 90 
138 136 
138 137 
138 138 
138 238 
139 38 
139 90 
139 134 
139 135 
139 136 
139 237 
140 38 
140 90 
140 132 
140 133 
140 134 
140 237 
141 38 
141 90 
141 131 
141 132 
141 237 
142 38 
142 91 
142 129 
142 130 
142 131 
142 236 
143 38 
143 91 
143 128 
143 129 
143 235 
143 236 
144 38 
144 91 
144 127 
144 128 
144 235 
145 38 
145 91 
145 125 
145 126 
145 127 
145 235 
146 38 
146 91 
146 124 
146 125 
146 234 
146 235 
147 38 
147 91 
147 123 
147 124 
147 234 
148 38 
148 91 
148 122 
148 123 
148 233 
148 234 
149 38 
149 91 
149 120 
149 121 
149 122 
149 232 
149 233 
150 38 
150 92 
150 119 
150 120 
150 232 
151 38 
151 92 
151 118 
151 119 
151 231 
151 232 
152 38 
152 92 
152 113 
152 117 
152 118 
152 231 
153 38 
153 92 
153 112 
153 116 
153 117 
153 230 
153 231 
154 38 
154 92 
154 113 
154 115 
154 116 
154 230 
155 38 
155 92 
155 114 
155 115 
155 229 
155 230 
156 37 
156 92 
156 114 
156 229 
157 37 
157 92 
157 113 
157 114 
157 228 
157 229 
158 37 
158 92 
158 112 
158 113 
158 228 
159 37 
159 92 
159 111 
159 112 
159 227 
159 228 
160 36 
160 92 
160 111 
160 226 
160 227 
161 36 
161 92 
161 110 
161 111 
161 226 
162 36 
162 92 
162 109 
162 110 
162 225 
162 226 
163 36 
163 91 
163 108 
163 109 
163 225 
164 35 
164 91 
164 108 
164 224 
164 225 
165 35 
165 91 
165 107 
165 108 
165 224 
166 35 
166 91 
166 107 
166 223 
166 224 
167 35 
167 91 
167 106 
167 107 
167 222 
167 223 
168 35 
168 91 
168 106 
168 222 
169 34 
169 91 
169 105 
169 106 
169 222 
170 34 
170 91 
170 105 
170 221 
171 34 
171 90 
171 104 
171 221 
172 34 
172 90 
172 104 
172 221 
173 34 
173 90 
173 104 
173 220 
174 33 
174 90 
174 103 
174 220 
175 33 
175 90 
175 103 
175 220 
176 33 
176 90 
176 102 
176 220 
177 33 
177 89 
177 102 
177 220 
178 33 
178 89 
178 102 
178 220 
179 33 
179 89 
179 101 
179 220 
180 33 
180 89 
180 101 
180 220 
181 32 
181 89 
181 101 
181 220 
182 32 
182 89 
182 101 
182 220 
183 32 
183 89 
183 100 
183 220 
184 32 
184 89 
184 100 
184 220 
185 32 
185 88 
185 100 
185 220 
186 32 
186 88 
186 100 
186 220 
187 32 
187 88 
187 99 
187 220 
188 32 
188 88 
188 99 
188 220 
189 32 
189 88 
189 99 
189 220 
190 32 
190 88 
190 99 
190 220 
191 32 
191 88 
191 99 
191 220 
192 32 
192 88 
192 99 
192 220 
193 32 
193 88 
193 98 
193 221 
194 32 
194 88 
194 98 
194 221 
195 32 
195 88 
195 98 
195 221 
196 32 
196 88 
196 98 
196 221 
197 32 
197 88 
197 98 
197 221 
198 32 
198 88 
198 98 
198 222 
199 32 
199 88 
199 98 
199 222 
200 32 
200 89 
200 98 
200 222 
201 32 
201 89 
201 98 
201 195 
201 196 
201 197 
201 222 
202 32 
202 89 
202 98 
202 195 
202 197 
202 223 
203 32 
203 89 
203 98 
203 195 
203 197 
203 223 
204 32 
204 89 
204 98 
204 195 
204 197 
204 198 
204 223 
205 33 
205 89 
205 98 
205 195 
205 198 
205 199 
205 223 
206 33 
206 89 
206 98 
206 194 
206 199 
206 224 
207 33 
207 90 
207 98 
207 194 
207 199 
207 200 
207 224 
208 33 
208 90 
208 98 
208 194 
208 200 
208 225 
209 33 
209 90 
209 98 
209 194 
209 200 
209 201 
209 225 
210 33 
210 90 
210 98 
210 193 
210 201 
210 202 
210 225 
211 34 
211 90 
211 98 
211 193 
211 202 
211 226 
212 34 
212 91 
212 98 
212 193 
212 202 
212 203 
212 226 
213 34 
213 91 
213 98 
213 192 
213 203 
213 204 
213 227 
214 35 
214 91 
214 98 
214 191 
214 192 
214 204 
214 227 
215 35 
215 92 
215 98 
215 191 
215 204 
215 205 
215 227 
215 228 
216 35 
216 92 
216 98 
216 190 
216 191 
216 205 
216 228 
217 35 
217 92 
217 98 
217 190 
217 205 
217 206 
217 228 
217 229 
218 36 
218 93 
218 98 
218 189 
218 190 
218 206 
218 207 
218 229 
219 36 
219 93 
219 98 
219 188 
219 189 
219 207 
219 229 
219 230 
220 37 
220 93 
220 94 
220 98 
220 188 
220 207 
220 208 
220 230 
220 231 
221 37 
221 94 
221 98 
221 187 
221 188 
221 208 
221 209 
221 231 
222 38 
222 94 
222 95 
222 98 
222 186 
222 187 
222 209 
222 231 
222 232 
223 38 
223 95 
223 98 
223 185 
223 186 
223 209 
223 210 
223 232 
224 38 
224 39 
224 95 
224 96 
224 99 
224 184 
224 185 
224 210 
224 211 
224 232 
224 233 
225 39 
225 96 
225 97 
225 99 
225 183 
225 184 
225 211 
225 233 
225 234 
226 39 
226 40 
226 97 
226 99 
226 182 
226 183 
226 211 
226 212 
226 234 
227 40 
227 41 
227 97 
227 180 
227 181 
227 182 
227 212 
227 213 
227 234 
227 235 
228 41 
228 98 
228 179 
228 180 
228 213 
228 235 
228 236 
229 41 
229 42 
229 177 
229 178 
229 179 
229 213 
229 214 
229 236 
230 42 
230 43 
230 175 
230 176 
230 177 
230 214 
230 215 
230 236 
230 237 
231 43 
231 44 
231 173 
231 174 
231 175 
231 215 
231 235 
231 237 
231 238 
232 44 
232 45 
232 171 
232 172 
232 173 
232 215 
232 216 
232 235 
232 238 
232 239 
233 45 
233 46 
233 169 
233 170 
233 216 
233 217 
233 239 
233 240 
234 46 
234 47 
234 165 
234 166 
234 167 
234 168 
234 217 
234 240 
234 241 
235 47 
235 48 
235 160 
235 161 
235 162 
235 163 
235 164 
235 217 
235 218 
235 241 
235 242 
236 48 
236 49 
236 160 
236 218 
236 219 
236 242 
236 243 
236 244 
237 49 
237 50 
237 160 
237 161 
237 162 
237 163 
237 164 
237 165 
237 166 
237 219 
237 220 
237 245 
237 246 
237 247 
237 248 
237 249 
237 250 
237 251 
237 252 
237 253 
237 254 
237 255 
238 50 
238 51 
238 167 
238 168 
238 169 
238 170 
238 220 
238 256 
238 257 
238 261 
239 51 
239 52 
239 53 
239 171 
239 172 
239 173 
239 220 
239 221 
239 258 
239 259 
239 260 
240 53 
240 54 
240 174 
240 175 
240 176 
240 177 
240 221 
240 222 
240 260 
240 261 
241 54 
241 55 
241 56 
241 177 
241 178 
241 222 
241 223 
241 261 
242 56 
242 57 
242 58 
242 178 
242 179 
242 180 
242 223 
242 224 
242 261 
243 58 
243 59 
243 60 
243 180 
243 224 
243 225 
243 261 
244 60 
244 61 
244 62 
244 180 
244 225 
244 261 
245 63 
245 64 
245 65 
245 180 
245 225 
245 226 
245 261 
246 66 
246 67 
246 68 
246 180 
246 226 
246 227 
246 261 
247 69 
247 70 
247 71 
247 180 
247 227 
247 228 
247 229 
247 260 
247 261 
248 72 
248 73 
248 74 
248 75 
248 76 
248 178 
248 179 
248 180 
248 229 
248 230 
248 259 
248 260 
249 77 
249 78 
249 79 
249 80 
249 81 
249 82 
249 83 
249 84 
249 176 
249 177 
249 178 
249 230 
249 231 
249 258 
249 259 
250 85 
250 86 
250 87 
250 88 
250 89 
250 90 
250 91 
250 92 
250 93 
250 94 
250 95 
250 96 
250 97 
250 98 
250 99 
250 100 
250 101 
250 102 
250 103 
250 104 
250 105 
250 106 
250 107 
250 108 
250 109 
250 110 
250 111 
250 112 
250 113 
250 114 
250 115 
250 116 
250 117 
250 118 
250 119 
250 120 
250 121 
250 122 
250 123 
250 124 
250 125 
250 126 
250 127 
250 128 
250 129 
250 130 
250 131 
250 132 
250 133 
250 134 
250 135 
250 136 
250 137 
250 138 
250 139 
250 140 
250 141 
250 142 
250 143 
250 144 
250 145 
250 146 
250 147 
250 148 
250 149 
250 150 
250 151 
250 152 
250 153 
250 154 
250 155 
250 156 
250 157 
250 158 
250 159 
250 160 
250 161 
250 162 
250 163 
250 164 
250 165 
250 166 
250 167 
250 168 
250 169 
250 170 
250 171 
250 172 
250 173 
250 174 
250 175 
250 232 
250 233 
250 234 
250 235 
250 236 
250 237 
250 238 
250 239 
250 240 
250 241 
250 242 
250 243 
250 244 
250 245 
250 246 
250 247 
250 248 
250 249 
250 250 
250 251 
250 252 
250 253 
250 254 
250 255 
250 256 
250 257 
