0 83 
314 345 
0 144 
0 297 
159 4 
0 385 
273 37 
98 84 
327 227 
147 418 
291 377 
269 32 
99 83 
327 148 
0 192 
80 135 
182 439 
309 354 
0 449 
111 0 
0 284 
0 71 
24 0 
80 298 
327 222 
130 43 
0 380 
0 117 
95 0 
327 294 
129 0 
0 231 
307 83 
0 256 
167 439 
327 184 
123 52 
307 82 
80 286 
112 372 
96 351 
25 0 
115 62 
290 379 
327 188 
213 439 
80 297 
0 400 
85 335 
0 162 
0 243 
327 256 
327 111 
271 404 
114 375 
154 428 
107 0 
275 39 
84 104 
122 53 
145 415 
327 143 
131 397 
327 295 
84 335 
0 376 
0 492 
325 107 
327 159 
201 439 
115 0 
0 119 
249 5 
291 60 
0 386 
104 76 
80 224 
5 0 
327 237 
0 145 
321 337 
80 292 
0 293 
139 31 
92 92 
0 476 
327 276 
327 166 
0 91 
251 430 
161 438 
272 35 
0 269 
178 439 
0 246 
80 216 
0 116 
94 90 
278 44 
327 117 
